175708066163000
175711066143600
175711066143601
175719066085500
175721066151400
175721066151401
175728066072200
175734066233300
175735066151800
175814066102200
175829066232200
175833066145800
175843066244100
175848066170700
175855066023100
175855066050500
175858066100200
175903066024100
175910066155500
175934066364800
175939066121400
175943066224800
175946066102000
175947066130601
175950066125200
175950066354200
175955066103000
175957066123400
180000066125200
180001066122000
180001066122002
180001066122004
180002066132200
180006066123700
180012066125500
180012066125502
180017066132100
180020066261500
180031066301900
180048066174800
180048066301800
180052066471000
180057066311300
180104066152300
180122066560300
180132067033800
180133066503300
180138066323600
180140066542600
180141066324701
180153066302800
180156066434000
180206066135500
180219066222500
180358065503700
180415065513900
180444067555900
180542067084000
180547067073100
180547067084800
180557067083100
180559065280501
180604067085100
180621065274902
180627067080600
180628067075801
180628067075802
180628067084301
180643067080400
180650067073700
180850065493700
180908065475000
181023066095700
181024065583800
181026066100300
181217065453000
181230065444900
181232067083700
181301067081900
181311066022500
181346066021500
181352066025300
181446066013400
181513065554601
181529065575200
181539066014500
181540065580300
181708066152400
181823065401900
181917065382701
182017067143300
182018066593200
182131065421100
182133066342800
182134066544600
182138065431800
182209066340600
182223065455900
182224065430300
182234065440000
182306065491500
182308066260400
182330066185700
182344065490801
182349066032600
182350066063700
182406066034700
182417066042700
182422067015100
182431066463400
182435066052700
182436066031200
182437066040500
182437066040501
182441066082600
182442067091700
182443066041500
182443066041502
182445066043400
182445066043401
182451066080200
182506066280200
182511066045401
182515065594100
182515066194000
182526066165001
182530066135400
182531066075900
182541066313500
182544066341500
182546066271200
182548066164401
182548066265700
182549066304300
182603066333601
182614066261500
182615066235300
182616066364100
182620066163400
182620066163403
182621066343300
182626066345100
182626067023800
182637066475900
182639066385200
182647066201700
182647066552400
182654066150600
182655066142400
182657066162700
182657066162701
182657066250600
182710066303700
182712066251700
182723066055200
182723066511200
182737066370900
182743067004200
182746066170800
182756066454700
182757066325600
182804066173500
182830067035900
182856066510900
182925067031100
50010500
50010600
50010800
50011000
50011080
50011085
50011088
50011095
50011128
50011180
50011190
50011200
50011400
50013000
50014000
50014600
50014800
50015700
50016000
50020100
50020500
50020550
50021000
50021030
50021050
50021500
50021700
50022810
50023000
50023110
50024400
50024950
50025155
50025850
50026025
50026100
50026140
50026200
50026400
50027000
50027100
50027200
50027250
50027600
50027750
50027850
50027880
50027920
50028000
50028400
50029000
50030460
50031000
50031200
50031500
50032290
50032590
50033500
50034000
50035000
50035200
50035950
50038100
50038300
50038320
50038360
50038600
50039500
50039600
50039990
50039995
50040000
50043000
50043197
50043800
50043980
50044100
50044810
50044830
50045000
50045010
50045700
50046000
50047535
50047540
50047545
50047550
50047560
50047820
50047850
50048000
50048565
50048580
50048680
50048690
50048700
50048750
50048770
50048800
50049000
50049100
50049300
50049310
50049600
50049620
50049800
50050330
50050900
50051150
50051180
50051310
50051800
50053025
50053050
50055000
50055100
50055170
50055225
50055380
50055390
50055650
50055750
50056400
50056900
50057000
50058350
50059000
50059050
50059210
50061000
50061300
50061800
50062500
50063250
50063300
50063500
50063800
50064200
50065500
50065700
50066000
50067000
50070500
50070900
50071000
50071225
50072000
50072975
50073400
50074950
50075000
50075500
50075550
50076000
50076800
50077000
50077500
50081000
50081500
50082000
50082800
50083500
50084000
50085100
50090500
50091200
50092000
50093000
50093045
50093050
50093053
50093075
50093078
50093083
50093084
50093090
50093110
50093115
50093120
50094545
50095000
50095200
50095500
50095800
50098500
50099000
50100200
50100450
50106100
50106500
50106850
50108000
50108500
50109400
50110200
50110650
50110900
50111000
50111200
50111210
50111300
50111320
50111330
50111340
50111500
50111700
50111750
50112100
50112500
50112525
50113800
50113950
50114000
50114390
50114700
50114900
50115000
50115230
50115240
50115900
50121000
50122000
50124000
50124200
50124500
50125780
50125790
50125900
50126150
50127000
50128000
50128900
50128905
50128907
50128920
50128925
50128933
50128935
50128940
50128945
50128948
50128950
50129000
50129254
50129300
50129500
50129900
50129935
50130320
50131990
50133800
50136000
50136400
50138000
50141000
50141100
50141500
50141600
50142500
50142700
50143930
50144000
50145000
50145395
50146073
50147800
50148890
50214500
50215000
50231000
50231500
50232000
50233000
50999954
50999956
50999958
50999959
50999960
50999961
50999962
50999963
50999964
50999965
50999966
50999967
50999968
50999970